1	301	люкс	5500
1	302	люкс	5500
1	303	люкс	5500
1	304	1-местный	1500
1	305	1-местный	1500
1	306	1-местный	1500
1	307	1-местный	1500
1	308	1-местный	1500
1	309	2-местный	2500
1	310	2-местный	2500
2	311	люкс	6200
2	312	1-местный	2100
2	313	1-местный	2100
2	314	1-местный	2100
2	315	2-местный	3200
2	316	2-местный	3200
3	317	1-местный	900
3	318	1-местный	900
3	319	2-местный	1300
4	320	2-местный	2000
4	321	2-местный	2000
4	322	3-местный	2900
5	323	люкс	10000
5	324	люкс	10000
5	325	2-местный	5300
5	326	2-местный	5300
5	327	3-местный	7800
5	328	3-местный	7800
5	329	3-местный	7800